Hidden layers: 4
Learning rate: 0.02
Mean Accuracy: 0.7025770100324996
Mean Loss: 1.3446054100990295
Training Accuracies:
  [0.5744047619047619, 0.6808035714285714, 0.6815476190476191, 0.6904761904761905, 0.6875, 0.6867559523809523, 0.6912202380952381, 0.6941964285714286, 0.6927083333333334, 0.6927083333333334, 0.6941964285714286, 0.6956845238095238, 0.6956845238095238, 0.6964285714285714, 0.6964285714285714, 0.6979166666666666, 0.6986607142857143, 0.6994047619047619, 0.7001488095238095, 0.6986607142857143, 0.6994047619047619, 0.7001488095238095, 0.7001488095238095, 0.7001488095238095, 0.7008928571428571, 0.7008928571428571, 0.7008928571428571, 0.7016369047619048, 0.7016369047619048, 0.7008928571428571, 0.7008928571428571, 0.7008928571428571, 0.7008928571428571, 0.7038690476190477, 0.703125, 0.7046130952380952, 0.7046130952380952, 0.7038690476190477, 0.7053571428571429, 0.7061011904761905, 0.7061011904761905, 0.7061011904761905, 0.7068452380952381, 0.7075892857142857, 0.7083333333333334, 0.7083333333333334, 0.7083333333333334, 0.7075892857142857, 0.7083333333333334, 0.7075892857142857, 0.7090773809523809, 0.7090773809523809, 0.7090773809523809, 0.7090773809523809, 0.7090773809523809, 0.7090773809523809, 0.7098214285714286, 0.7098214285714286, 0.7098214285714286, 0.7098214285714286, 0.7098214285714286, 0.7098214285714286, 0.7098214285714286, 0.7098214285714286, 0.7098214285714286, 0.7098214285714286, 0.7098214285714286]
  [0.6877323420074349, 0.6869888475836431, 0.6869888475836431, 0.6869888475836431, 0.6869888475836431, 0.6869888475836431, 0.6892193308550186, 0.6884758364312268, 0.6884758364312268, 0.6892193308550186, 0.6892193308550186, 0.6899628252788104, 0.6899628252788104, 0.6907063197026022, 0.6907063197026022, 0.6914498141263941, 0.6892193308550186, 0.6899628252788104, 0.6907063197026022, 0.6907063197026022, 0.6892193308550186, 0.6892193308550186, 0.6892193308550186, 0.6892193308550186, 0.6892193308550186, 0.6892193308550186]
  [0.7011152416356877, 0.7018587360594796, 0.7018587360594796, 0.7026022304832714, 0.704089219330855, 0.7055762081784387, 0.7055762081784387, 0.7055762081784387, 0.7055762081784387, 0.7055762081784387, 0.7055762081784387, 0.7055762081784387, 0.7048327137546468, 0.7048327137546468, 0.7055762081784387, 0.7055762081784387]
  [0.7026022304832714, 0.7026022304832714, 0.7011152416356877, 0.7033457249070632, 0.7018587360594796, 0.7003717472118959, 0.6996282527881041, 0.7011152416356877, 0.7018587360594796, 0.7018587360594796, 0.7026022304832714, 0.7026022304832714, 0.704089219330855, 0.704089219330855, 0.7048327137546468, 0.7048327137546468, 0.704089219330855, 0.7048327137546468, 0.7048327137546468, 0.7055762081784387, 0.7063197026022305, 0.7063197026022305, 0.7048327137546468, 0.7055762081784387, 0.7063197026022305, 0.7055762081784387, 0.7055762081784387, 0.7063197026022305, 0.7055762081784387, 0.7048327137546468, 0.704089219330855]
  [0.7144981412639405, 0.7167286245353159, 0.7152416356877324, 0.7152416356877324, 0.7144981412639405, 0.7144981412639405, 0.7144981412639405, 0.7144981412639405, 0.7144981412639405, 0.7152416356877324, 0.7152416356877324, 0.7144981412639405]
Training Losses:
  [38.75172179937363, 30.6216758787632, 29.405445754528046, 39.47906544804573, 54.85601395368576, 71.15929219126701, 74.01607537269592, 76.10535204410553, 76.06894394755363, 75.99141791462898, 75.6619285941124, 75.41886505484581, 75.03408840298653, 74.78531891107559, 74.48848471045494, 74.17265367507935, 73.87309336662292, 73.45558848977089, 73.04190781712532, 72.62004661560059, 72.32937377691269, 71.99362394213676, 71.58501103520393, 71.27202925086021, 71.00741565227509, 70.63627469539642, 70.1946268081665, 69.94013419747353, 69.54577374458313, 69.16880512237549, 68.84602651000023, 68.50684893131256, 68.1800891160965, 67.8978610932827, 67.61909794807434, 67.26208311319351, 67.15011218190193, 66.92190527915955, 68.09136012196541, 68.14647722244263, 67.98244032263756, 67.81941032409668, 67.4934076666832, 67.26446670293808, 66.89696085453033, 66.70273301005363, 66.48060938715935, 66.08234038949013, 66.1259151995182, 65.82946994900703, 65.539236754179, 65.37124136090279, 65.15654283761978, 64.96587279438972, 64.7189684510231, 64.65476083755493, 64.39137369394302, 64.12584015727043, 63.801836878061295, 63.607134103775024, 63.25452941656113, 62.898626148700714, 62.57533311843872, 62.49018055200577, 62.21897792816162, 62.14653134346008, 61.88269820809364]
  [74.7028851211071, 74.28310400247574, 72.27257597446442, 72.78358566761017, 71.66256457567215, 70.74284286797047, 70.79793950915337, 70.78177082538605, 69.51067075133324, 68.16688197851181, 68.23797625303268, 67.13882955908775, 67.15733051300049, 65.64484566450119, 64.89534625411034, 64.73618540167809, 64.46049723029137, 63.42358720302582, 63.499413907527924, 63.32669696211815, 61.80493503808975, 60.77941119670868, 60.53880152106285, 59.85644233226776, 60.28626295924187, 59.266358852386475]
  [61.83394195092842, 62.627734154462814, 62.086102575063705, 62.19455525279045, 63.741026163101196, 62.57730510830879, 60.989640057086945, 61.394501984119415, 61.20150005817413, 60.556643575269845, 61.48667097091675, 60.346620462834835, 60.770879209041595, 60.351220190525055, 59.7856360077858, 60.56310996413231]
  [63.51892641186714, 61.39898596704006, 61.20182353258133, 61.41853356361389, 61.15828463435173, 60.31569457054138, 59.262930154800415, 61.817035019397736, 58.448598474264145, 59.176065266132355, 57.626501232385635, 56.771147429943085, 56.28202921152115, 55.698378160595894, 55.538097500801086, 57.64888650178909, 54.09153460044763, 54.81528714299202, 53.96848872303963, 53.73420971632004, 53.94814243912697, 52.74584940075874, 52.45539644360542, 52.60067570209503, 51.25730711110373, 51.7352055311203, 50.786203265190125, 50.41178345680237, 51.134584844112396, 52.20405203104019, 49.66241558641195]
  [40.86284487415105, 40.99350020289421, 40.80865204334259, 40.58971428871155, 41.00936743617058, 41.113459050655365, 40.83993774652481, 42.150215804576874, 40.757404416799545, 39.974707931279795, 40.107991486787796, 39.78289879858494]
Validation Accuracies:
  0.6706231454005934
  0.7529761904761905
  0.7053571428571429
  0.7113095238095238
  0.6726190476190477
Validation Losses:
  2.6024181842803955
  1.1995527744293213
  0.8671650886535645
  0.6492094397544861
  1.4046815633773804
STD Accuracy: 0.030141639974176165
STD Loss: 0.6809210236605499
