Hidden layers: 4
Learning rate: 0.02
Mean Accuracy: 0.8793521266073195
Mean Loss: 0.4730361998081207
STD Accuracy: 0.10381016459500648
STD Loss: 0.4681494260266017
Training Accuracies:
  [0.4799107142857143, 0.5863095238095238, 0.6145833333333334, 0.6391369047619048, 0.6644345238095238, 0.6815476190476191, 0.6882440476190477, 0.6897321428571429, 0.7038690476190477, 0.7046130952380952, 0.7098214285714286, 0.7194940476190477, 0.7269345238095238, 0.7358630952380952, 0.7380952380952381, 0.7410714285714286, 0.7485119047619048, 0.7559523809523809, 0.7574404761904762, 0.7641369047619048, 0.7723214285714286, 0.7782738095238095, 0.7819940476190477, 0.7805059523809523, 0.7827380952380952, 0.7842261904761905, 0.7901785714285714, 0.7938988095238095, 0.7991071428571429, 0.8028273809523809, 0.8102678571428571, 0.8125, 0.8184523809523809, 0.8199404761904762, 0.8288690476190477, 0.8318452380952381, 0.8363095238095238, 0.8392857142857143, 0.8303571428571429, 0.8370535714285714, 0.8474702380952381, 0.8467261904761905, 0.8474702380952381, 0.8497023809523809, 0.8497023809523809, 0.8333333333333334, 0.8578869047619048, 0.8638392857142857, 0.8563988095238095, 0.8653273809523809, 0.8623511904761905, 0.8757440476190477, 0.8653273809523809, 0.8727678571428571, 0.8675595238095238, 0.8854166666666666, 0.8869047619047619, 0.8950892857142857, 0.890625, 0.9002976190476191, 0.9002976190476191, 0.9010416666666666, 0.8973214285714286, 0.8668154761904762, 0.8735119047619048, 0.8876488095238095, 0.9002976190476191, 0.8921130952380952, 0.8824404761904762, 0.90625, 0.9025297619047619, 0.9107142857142857, 0.9211309523809523, 0.9211309523809523, 0.9278273809523809, 0.9322916666666666, 0.9337797619047619, 0.9360119047619048, 0.9330357142857143, 0.9397321428571429, 0.9441964285714286, 0.9449404761904762, 0.9389880952380952, 0.8630952380952381, 0.8883928571428571, 0.9092261904761905, 0.9412202380952381, 0.9471726190476191, 0.9441964285714286, 0.9464285714285714, 0.9501488095238095, 0.9598214285714286, 0.9657738095238095, 0.9598214285714286, 0.9650297619047619, 0.9680059523809523, 0.9702380952380952, 0.9352678571428571, 0.8497023809523809, 0.9226190476190477, 0.9471726190476191, 0.9285714285714286, 0.9345238095238095, 0.9575892857142857, 0.9747023809523809, 0.9642857142857143, 0.9709821428571429, 0.9553571428571429, 0.9523809523809523, 0.9680059523809523, 0.9694940476190477, 0.9002976190476191, 0.9226190476190477, 0.9501488095238095, 0.9642857142857143]
  [0.8141263940520446, 0.8795539033457249, 0.8973977695167287, 0.9152416356877323, 0.9353159851301115, 0.9405204460966543, 0.945724907063197, 0.9516728624535316, 0.9628252788104089, 0.9643122676579926, 0.966542750929368, 0.9687732342007435, 0.9784386617100371, 0.9806691449814127, 0.9799256505576208, 0.9776951672862454, 0.9851301115241635, 0.9828996282527881, 0.9814126394052045, 0.9226765799256506, 0.9263940520446097, 0.9494423791821561, 0.9695167286245353, 0.9784386617100371, 0.9806691449814127, 0.9895910780669145, 0.9903345724907063, 0.9881040892193309, 0.9806691449814127, 0.9881040892193309, 0.9873605947955391, 0.9925650557620818, 0.9918215613382899, 0.9881040892193309, 0.9903345724907063, 0.9895910780669145, 0.9947955390334573, 0.9806691449814127, 0.9576208178438662, 0.9152416356877323, 0.9345724907063196, 0.9271375464684015, 0.9360594795539033, 0.979182156133829, 0.9724907063197026, 0.9910780669144982, 0.9918215613382899]
  [0.8899628252788104, 0.9315985130111524, 0.9531598513011152, 0.9524163568773234, 0.9643122676579926, 0.9806691449814127, 0.9851301115241635, 0.9762081784386617, 0.9769516728624535, 0.9806691449814127, 0.9895910780669145, 0.9925650557620818, 0.9933085501858736, 0.9940520446096655, 0.9940520446096655, 0.995539033457249, 0.9962825278810409, 0.9918215613382899, 0.9947955390334573, 0.995539033457249, 0.995539033457249, 0.9970260223048327, 0.9977695167286246, 0.995539033457249, 0.9962825278810409, 0.9962825278810409, 0.995539033457249, 0.9962825278810409, 0.9962825278810409, 0.9962825278810409, 0.9977695167286246, 0.9962825278810409, 0.9977695167286246]
  [0.9026022304832714, 0.9397769516728625, 0.9434944237918216, 0.9687732342007435, 0.9821561338289962, 0.9828996282527881, 0.9784386617100371, 0.9799256505576208, 0.9888475836431226, 0.9970260223048327, 0.9925650557620818, 0.9895910780669145, 0.9918215613382899, 0.9940520446096655, 0.9918215613382899, 0.9933085501858736, 0.9977695167286246, 0.9992565055762082, 0.9985130111524163, 0.9977695167286246, 0.9977695167286246, 0.9977695167286246, 0.9977695167286246, 0.9977695167286246, 0.9970260223048327, 0.9977695167286246, 0.9970260223048327, 0.9977695167286246]
  [0.9234200743494424, 0.9345724907063196, 0.9635687732342008, 0.9643122676579926, 0.9828996282527881, 0.9888475836431226, 0.9933085501858736, 0.9947955390334573, 0.995539033457249, 0.995539033457249, 0.9962825278810409, 0.9962825278810409, 0.9970260223048327, 0.9962825278810409, 0.9970260223048327, 0.9985130111524163, 0.9977695167286246, 0.9977695167286246, 0.9985130111524163, 0.9992565055762082, 0.9992565055762082, 0.9992565055762082, 0.9992565055762082, 0.9992565055762082, 0.9992565055762082, 0.9992565055762082, 0.9992565055762082, 0.9992565055762082, 0.9992565055762082, 0.9992565055762082]
Training Losses:
  [170.20966178178787, 147.76475620269775, 135.003825455904, 127.2263476550579, 121.8990858644247, 117.84631475806236, 114.52051924169064, 111.67163257300854, 108.97690930962563, 106.53292059898376, 104.30980874598026, 102.29978084564209, 100.44110944867134, 98.58105230331421, 96.97035248577595, 95.11097373068333, 93.35893596708775, 91.68301989138126, 90.05250172317028, 88.33863431215286, 86.98094199597836, 85.24480246007442, 83.88804104179144, 82.41872920840979, 81.23866602033377, 79.55486831068993, 78.3019117936492, 76.62865725904703, 75.32202731072903, 74.41489534080029, 72.76330289244652, 71.74489162117243, 69.96924147754908, 69.60676509141922, 67.70988954603672, 65.68766921013594, 64.4085329324007, 64.51067746058106, 68.81217470765114, 63.87028282135725, 61.22745597362518, 61.72746594622731, 61.76074356585741, 59.489370193332434, 60.88860647380352, 64.99212301149964, 55.4114188477397, 54.525884971022606, 56.34106023237109, 54.13332250714302, 51.868630174547434, 49.98757026717067, 52.85454544425011, 52.47823605686426, 51.56242433562875, 46.664722949266434, 45.16758696734905, 43.98653134703636, 43.96551537141204, 41.269945008680224, 40.283892285078764, 38.35005026496947, 41.50628928281367, 63.14707904867828, 49.00253638997674, 44.43973475508392, 41.75620749220252, 44.79294509533793, 45.758808427490294, 38.761112386360765, 38.60312085971236, 35.98782251589, 31.742605938576162, 30.799012653529644, 28.7579977363348, 27.823851632885635, 27.30447104666382, 25.797334011644125, 25.948814067058265, 24.682105887215585, 23.49048590194434, 22.49848927743733, 24.660777397453785, 64.7602770361118, 45.406952761113644, 36.73709869757295, 26.73400253430009, 23.382763587404042, 23.590143233770505, 22.019748233724385, 21.848548161331564, 18.35366082098335, 17.127088761189952, 18.13084254320711, 16.993329050252214, 15.836382749024779, 14.894760988652706, 32.06597219634568, 74.07746836985461, 34.48904335219413, 23.828487466089427, 27.98816697858274, 28.875386378262192, 19.360585347749293, 13.846980571979657, 15.286880636122078, 14.688016580999829, 24.4585702548502, 19.288296528160572, 14.746308320434764, 14.731048448185902, 51.981128691812046, 36.266796862415504, 22.799656767747365, 18.6122335602995]
  [96.63368315948173, 55.41100123152137, 41.89100320264697, 37.875493419356644, 30.87225140980445, 27.531715324381366, 25.865485979244113, 23.630805687978864, 18.589719332754612, 16.463935748441145, 14.929978788131848, 14.120273769833148, 11.961682857945561, 11.35017994651571, 10.361178271006793, 10.881626471295021, 9.508330848882906, 8.74527809524443, 8.861202308675274, 41.50415557913948, 32.03241240908392, 21.032978433184326, 15.003362503019162, 11.253542946418747, 8.991061209118925, 7.005098990804981, 6.628135769860819, 7.172270735143684, 8.34208561052219, 7.6690831503947265, 6.045538810896687, 5.741085307265166, 4.463203785009682, 7.283734648081008, 5.647268726330367, 5.516319788584951, 5.366047404218989, 11.57524408568861, 23.846578585144016, 41.43602436291985, 28.69281443807995, 37.361835410032654, 29.084869500249624, 11.105377362458967, 14.132442046829965, 7.328041861532256, 5.53210238358588]
  [55.9211114681093, 30.147208264330402, 22.003948058001697, 23.583707107274677, 16.174473615159513, 11.471365099794639, 8.888224024849478, 11.954157586264046, 10.68659388195374, 11.31558258635414, 7.00982808280969, 4.665027181523328, 3.6190367977942515, 3.838855963858805, 3.650219361134077, 3.3797794261045055, 3.0586280000279658, 3.1989431222027633, 2.7371439592388924, 2.9295830137562007, 2.374934269962978, 1.9196089671895606, 1.9222379450111475, 1.9863284836501407, 1.6010766302060802, 1.789200557201184, 2.151804846313098, 1.7000550025222765, 1.604381206254402, 1.3172627295371058, 1.2923201540324953, 1.6808535368782032, 1.1762525996709883]
  [56.599703195288384, 27.77037219106569, 26.823255190916825, 13.610640535218408, 8.878856812167214, 9.774695681873709, 12.078211062107584, 8.494598282049992, 6.25852905807551, 3.7997461902268697, 4.838785753621778, 6.940001548609871, 4.973344255005941, 4.431497852343455, 4.559674536874809, 3.5837146535341162, 1.5676689428000827, 1.1477712056148448, 1.3424629077562713, 2.098300228935841, 2.081378134767874, 1.8620996451791143, 1.6926345398751437, 1.3233342365529097, 1.2336897272198257, 1.0528376976672007, 1.1623696331735118, 1.0708524333658715]
  [46.02328221389848, 29.04432958115649, 16.214862586115487, 14.238945150515065, 10.234577594746952, 6.060132991457067, 4.838799859054234, 3.047435098957976, 2.8192978220440637, 2.304900966166315, 2.148071803719631, 2.1550626579337404, 2.0973416180161166, 1.833453185424105, 1.5409774074205416, 1.245682800867371, 1.1981689048257067, 1.1649947074977263, 0.9185246890874623, 0.7541843909754107, 0.7421093631868416, 0.6946570933051817, 0.6790704941688546, 0.6463530185924355, 0.634063392647306, 0.6201456477384681, 0.6025695256677182, 0.5832822879086166, 0.571531154964191, 0.5508503678788088]
Validation Accuracies:
  0.6884272997032641
  0.8541666666666666
  0.9434523809523809
  0.9315476190476191
  0.9791666666666666
Validation Losses:
  1.3513356447219849
  0.549741268157959
  0.20569168031215668
  0.20205748081207275
  0.05635492503643036
