Hidden layers: 2
Learning rate: 0.001
Mean Accuracy: 0.5514677829588809
Mean Loss: 1.0436934232711792
STD Accuracy: 0.0389232188618857
STD Loss: 0.13771340854775174
Training Accuracies:
  [0.36160714285714285, 0.36532738095238093, 0.39211309523809523, 0.41220238095238093, 0.4486607142857143, 0.48288690476190477, 0.49107142857142855, 0.5089285714285714, 0.5096726190476191, 0.5104166666666666, 0.5171130952380952, 0.515625, 0.5141369047619048, 0.5171130952380952, 0.5119047619047619, 0.5133928571428571, 0.5178571428571429, 0.5186011904761905, 0.5230654761904762, 0.5282738095238095, 0.5357142857142857, 0.5476190476190477, 0.5595238095238095, 0.5669642857142857, 0.5773809523809523, 0.5773809523809523, 0.5766369047619048, 0.5892857142857143, 0.5915178571428571, 0.5825892857142857, 0.5729166666666666, 0.5751488095238095, 0.5811011904761905, 0.5758928571428571, 0.5811011904761905, 0.5877976190476191, 0.6019345238095238, 0.6041666666666666, 0.6063988095238095, 0.6026785714285714, 0.6101190476190477, 0.5900297619047619, 0.5825892857142857, 0.5751488095238095, 0.5736607142857143, 0.5714285714285714, 0.5736607142857143, 0.5617559523809523, 0.5662202380952381, 0.5699404761904762, 0.5625]
  [0.36282527881040894, 0.3657992565055762, 0.387360594795539, 0.4096654275092937, 0.45204460966542753, 0.4788104089219331, 0.49368029739776953, 0.5092936802973977, 0.521189591078067, 0.5174721189591078, 0.5197026022304833, 0.5055762081784386, 0.5011152416356878, 0.5070631970260223, 0.5078066914498142, 0.5115241635687733, 0.5159851301115241, 0.5197026022304833, 0.5219330855018587, 0.5234200743494424, 0.5293680297397769, 0.5360594795539033, 0.5397769516728624, 0.5449814126394052, 0.5479553903345725, 0.545724907063197, 0.5553903345724907, 0.5591078066914498, 0.5643122676579926, 0.566542750929368, 0.5747211895910781, 0.5776951672862454, 0.5747211895910781, 0.5732342007434944, 0.5754646840148699, 0.5754646840148699, 0.5814126394052045, 0.5724907063197026, 0.5843866171003718, 0.5806691449814126, 0.5799256505576208, 0.5754646840148699, 0.5672862453531599, 0.5605947955390335, 0.5539033457249071, 0.5509293680297398, 0.5472118959107807, 0.5442379182156134, 0.558364312267658]
  [0.3657992565055762, 0.36654275092936806, 0.39107806691449815, 0.4171003717472119, 0.45650557620817844, 0.475092936802974, 0.4988847583643123, 0.5085501858736059, 0.5063197026022305, 0.5130111524163569, 0.5078066914498142, 0.5092936802973977, 0.5107806691449814, 0.5115241635687733, 0.5144981412639406, 0.5204460966542751, 0.5256505576208178, 0.5323420074349442, 0.5368029739776952, 0.5382899628252789, 0.5442379182156134, 0.5553903345724907, 0.566542750929368, 0.5672862453531599, 0.5657992565055762, 0.5747211895910781, 0.5851301115241636, 0.5970260223048327, 0.5866171003717472, 0.5747211895910781, 0.5836431226765799, 0.5851301115241636, 0.5776951672862454, 0.5769516728624535, 0.5784386617100372, 0.5843866171003718, 0.6014869888475837, 0.5910780669144982, 0.5955390334572491, 0.5881040892193309, 0.5702602230483271, 0.5628252788104089, 0.5605947955390335, 0.550185873605948, 0.5360594795539033, 0.5479553903345725, 0.5598513011152416]
  [0.36654275092936806, 0.3687732342007435, 0.39107806691449815, 0.41858736059479557, 0.4490706319702602, 0.4765799256505576, 0.5033457249070632, 0.5003717472118959, 0.5011152416356878, 0.5048327137546469, 0.5033457249070632, 0.5026022304832714, 0.5011152416356878, 0.4996282527881041, 0.5033457249070632, 0.5070631970260223, 0.512267657992565, 0.5144981412639406, 0.5189591078066914, 0.5226765799256505, 0.5360594795539033, 0.5412639405204461, 0.5531598513011152, 0.558364312267658, 0.5650557620817844, 0.5702602230483271, 0.5821561338289963, 0.587360594795539, 0.5843866171003718, 0.5784386617100372, 0.5717472118959108, 0.5643122676579926, 0.5591078066914498, 0.5628252788104089, 0.5643122676579926, 0.5717472118959108, 0.5769516728624535, 0.5895910780669145, 0.6014869888475837, 0.6081784386617101, 0.5910780669144982, 0.5776951672862454, 0.5635687732342007, 0.5591078066914498, 0.5494423791821561, 0.545724907063197, 0.5442379182156134, 0.5553903345724907, 0.5479553903345725, 0.5591078066914498]
  [0.36654275092936806, 0.37100371747211897, 0.3940520446096654, 0.41561338289962824, 0.46096654275092935, 0.475092936802974, 0.49144981412639405, 0.5003717472118959, 0.4966542750929368, 0.4855018587360595, 0.48104089219330853, 0.48252788104089217, 0.48104089219330853, 0.48475836431226765, 0.49368029739776953, 0.49814126394052044, 0.4996282527881041, 0.504089219330855, 0.5100371747211896, 0.5249070631970261, 0.5368029739776952, 0.5464684014869888, 0.5464684014869888, 0.5531598513011152, 0.5576208178438662, 0.5739776951672863, 0.5769516728624535, 0.5858736059479553, 0.5858736059479553, 0.5806691449814126, 0.5821561338289963, 0.5814126394052045, 0.5762081784386617, 0.571003717472119, 0.5762081784386617, 0.579182156133829, 0.59182156133829, 0.6066914498141264, 0.5992565055762081, 0.5992565055762081, 0.5747211895910781, 0.5546468401486989, 0.5546468401486989, 0.5486988847583643, 0.5434944237918216, 0.5442379182156134, 0.550185873605948, 0.562081784386617]
Training Losses:
  [45.785571217536926, 45.736255526542664, 45.59221935272217, 45.36612272262573, 45.07793056964874, 44.752281069755554, 44.41388714313507, 44.0863983631134, 43.78587740659714, 43.51760411262512, 43.28156405687332, 43.082230269908905, 42.9210210442543, 42.797741293907166, 42.70825952291489, 42.645412385463715, 42.60482609272003, 42.575193881988525, 42.5454283952713, 42.503065288066864, 42.440858125686646, 42.3528128862381, 42.23267161846161, 42.08217388391495, 41.9138308763504, 41.75329887866974, 41.62945133447647, 41.57365781068802, 41.613643527030945, 41.76604598760605, 42.02178806066513, 42.34428834915161, 42.66188359260559, 42.884707391262054, 42.92483735084534, 42.73006349802017, 42.326295375823975, 41.8208172917366, 41.39670550823212, 41.24394702911377, 41.467063188552856, 42.027250826358795, 42.74356001615524, 43.37862569093704, 43.75764960050583, 43.80199337005615, 43.583547711372375, 43.31936836242676, 43.28584295511246, 43.75304424762726, 44.78464913368225]
  [47.20544147491455, 47.15688228607178, 47.00875186920166, 46.77439749240875, 46.47576463222504, 46.14106583595276, 45.80275297164917, 45.487126529216766, 45.211424112319946, 44.98634499311447, 44.80788803100586, 44.65232300758362, 44.50674915313721, 44.37391895055771, 44.24597156047821, 44.12501114606857, 44.01335096359253, 43.91136848926544, 43.81813704967499, 43.72565937042236, 43.633837938308716, 43.53480613231659, 43.42167812585831, 43.29976665973663, 43.176579892635345, 43.061182141304016, 42.97171497344971, 42.92978918552399, 42.96292990446091, 43.08205717802048, 43.29849523305893, 43.5795721411705, 43.86385643482208, 44.06873285770416, 44.11100769042969, 43.94690024852753, 43.59996408224106, 43.17079073190689, 42.81479865312576, 42.680441319942474, 42.838072538375854, 43.24230736494064, 43.768101811409, 44.27842092514038, 44.652148604393005, 44.84117245674133, 44.85655748844147, 44.726438999176025, 44.49941551685333]
  [46.96227467060089, 46.90965974330902, 46.749080657958984, 46.494317293167114, 46.16602826118469, 45.79706811904907, 45.41945284605026, 45.055456936359406, 44.72079420089722, 44.414778649806976, 44.13893258571625, 43.89630436897278, 43.68824452161789, 43.5106046795845, 43.36627560853958, 43.255581080913544, 43.17312264442444, 43.115477323532104, 43.07112443447113, 43.025307178497314, 42.968586802482605, 42.89124917984009, 42.78137344121933, 42.63883692026138, 42.47935289144516, 42.32609862089157, 42.21861171722412, 42.19992172718048, 42.312733471393585, 42.57038867473602, 42.94956159591675, 43.36308252811432, 43.69615596532822, 43.802206456661224, 43.589147448539734, 43.07090252637863, 42.40443295240402, 41.85911500453949, 41.73410904407501, 42.15097522735596, 42.95533329248428, 43.8782519698143, 44.66157269477844, 45.14515417814255, 45.221856355667114, 44.902630150318146, 44.413856744766235]
  [46.96844136714935, 46.914756536483765, 46.75388193130493, 46.50079029798508, 46.17881798744202, 45.823536574840546, 45.46803140640259, 45.13792210817337, 44.85583382844925, 44.62033486366272, 44.42418998479843, 44.27140909433365, 44.1614716053009, 44.08405804634094, 44.02898454666138, 43.993294060230255, 43.97033053636551, 43.95161181688309, 43.921316146850586, 43.86877924203873, 43.784445345401764, 43.660920679569244, 43.49365544319153, 43.29261475801468, 43.07426452636719, 42.87492489814758, 42.738219916820526, 42.707125306129456, 42.818865180015564, 43.0878381729126, 43.481960237026215, 43.918502509593964, 44.27611082792282, 44.41034770011902, 44.232502579689026, 43.72498315572739, 43.00638061761856, 42.33418607711792, 41.99868220090866, 42.20131266117096, 42.885492384433746, 43.80823427438736, 44.663341999053955, 45.19711631536484, 45.256620705127716, 44.820782124996185, 44.09373104572296, 43.532134771347046, 43.70653188228607, 45.01283025741577]
  [46.9889270067215, 46.93205785751343, 46.75973165035248, 46.48806345462799, 46.1434360742569, 45.769166111946106, 45.397025883197784, 45.054908871650696, 44.75775998830795, 44.51020550727844, 44.31238079071045, 44.16402620077133, 44.060228049755096, 43.99316054582596, 43.954146802425385, 43.92637211084366, 43.89818775653839, 43.85858863592148, 43.794323682785034, 43.695773005485535, 43.55858498811722, 43.38743567466736, 43.18879568576813, 42.97784584760666, 42.77888208627701, 42.613939583301544, 42.518554508686066, 42.52699434757233, 42.666870057582855, 42.94791889190674, 43.33808195590973, 43.77652019262314, 44.15936803817749, 44.352553486824036, 44.24984127283096, 43.8186816573143, 43.14781814813614, 42.46629595756531, 42.08548480272293, 42.23668944835663, 42.95029878616333, 44.03466749191284, 45.1397950053215, 45.911805391311646, 46.07310163974762, 45.56025844812393, 44.568383514881134, 43.670309364795685]
Validation Accuracies:
  0.5341246290801187
  0.5803571428571429
  0.49107142857142855
  0.6041666666666666
  0.5476190476190477
Validation Losses:
  1.164380669593811
  0.8738377094268799
  1.2357690334320068
  0.9258487224578857
  1.0186309814453125
